100 
-8 35 45 30 34 46 47 55 20 43 51 12 63 33 19 27 23 18 10 31 42 60 44 26 50 9 32 11 2 3 13 14 58 52 61 25 21 39 7 41 49 15 5 59 16 54 62 48 1 38 0 0 0 0 0 0 0 0 0 0 0 0 0 0 0 
-36 30 38 46 39 48 55 35 22 31 34 33 32 40 27 18 42 50 49 51 47 54 53 63 26 52 56 21 10 60 12 2 20 13 14 45 11 15 7 44 9 58 41 6 16 23 62 64 59 57 0 0 0 0 0 0 0 0 0 0 0 0 0 0 0 
40 30 22 14 20 35 44 51 34 12 31 26 58 40 18 53 32 33 42 60 11 10 2 4 50 25 52 49 13 9 6 38 47 54 56 21 45 7 15 16 63 61 5 39 23 46 62 55 59 19 0 0 0 0 0 0 0 0 0 0 0 0 0 0 0 
-26 30 20 11 22 38 12 19 46 13 18 25 17 55 3 2 4 27 26 31 35 34 32 21 45 39 48 40 62 52 47 54 63 61 56 53 51 60 42 50 49 44 1 33 59 64 41 23 15 24 0 0 0 0 0 0 0 0 0 0 0 0 0 0 0 
12 44 45 30 21 22 19 12 31 26 10 40 43 50 27 39 23 15 16 35 47 55 20 18 25 33 42 34 58 49 41 51 14 7 13 6 63 54 60 32 53 38 56 61 59 52 24 2 9 17 0 0 0 0 0 0 0 0 0 0 0 0 0 0 0 
-26 30 22 21 20 12 46 27 34 43 19 25 45 13 5 14 7 4 11 44 35 15 16 26 41 2 10 42 49 50 51 58 59 18 17 60 52 61 39 53 54 31 38 23 9 40 47 55 56 63 0 0 0 0 0 0 0 0 0 0 0 0 0 0 0 
32 35 27 20 13 18 44 6 46 53 51 30 9 58 60 34 12 4 45 61 54 59 21 14 11 25 43 42 41 49 50 26 2 22 15 7 23 16 24 32 38 47 56 10 63 39 31 55 52 62 0 0 0 0 0 0 0 0 0 0 0 0 0 0 0 
-10 44 43 35 45 51 19 53 58 38 46 59 34 22 39 26 60 40 30 42 48 52 27 50 18 33 49 31 32 61 62 10 2 21 15 14 13 6 7 41 54 24 23 47 16 55 56 63 5 9 0 0 0 0 0 0 0 0 0 0 0 0 0 0 0 
24 30 20 11 31 38 39 43 21 47 12 32 10 45 23 15 48 2 7 16 46 55 63 56 22 18 9 54 27 26 35 53 61 13 14 52 34 33 42 50 49 51 57 58 41 5 17 44 62 60 0 0 0 0 0 0 0 0 0 0 0 0 0 0 0 
-2 30 22 35 45 44 31 32 27 46 54 26 20 12 40 53 52 60 43 55 63 48 47 61 62 56 39 38 59 50 42 34 33 41 23 13 57 58 11 10 2 15 9 21 14 6 8 3 49 19 0 0 0 0 0 0 0 0 0 0 0 0 0 0 0 
2 30 20 19 38 44 31 21 11 32 24 46 27 26 52 35 33 12 13 60 47 5 14 39 55 2 43 56 10 54 61 34 41 42 59 18 64 15 48 63 53 45 49 51 7 50 9 22 58 17 0 0 0 0 0 0 0 0 0 0 0 0 0 0 0 
-8 44 27 18 45 22 21 38 23 53 47 30 35 13 62 56 9 61 31 14 15 16 7 6 12 11 39 48 60 26 42 25 10 40 32 24 55 54 63 52 34 4 20 50 58 41 43 2 46 59 0 0 0 0 0 0 0 0 0 0 0 0 0 0 0 
18 30 20 11 22 21 38 45 52 23 13 6 2 27 18 34 16 9 35 31 33 47 15 7 14 42 51 49 26 44 12 58 50 54 56 53 61 63 10 39 40 55 48 43 60 25 46 5 62 4 0 0 0 0 0 0 0 0 0 0 0 0 0 0 0 
-14 35 43 51 20 19 45 30 22 38 50 49 27 52 39 31 23 11 59 53 2 40 47 54 63 55 56 21 12 15 7 18 9 61 57 17 44 34 48 3 42 14 10 64 26 33 13 6 41 58 0 0 0 0 0 0 0 0 0 0 0 0 0 0 0 
26 30 38 43 23 47 19 22 39 16 20 12 55 56 35 54 63 45 53 52 50 31 15 32 51 49 46 48 61 7 4 11 18 2 10 34 33 26 17 42 57 13 8 14 25 21 59 60 40 44 0 0 0 0 0 0 0 0 0 0 0 0 0 0 0 
16 35 27 22 44 53 42 19 38 43 20 49 50 58 41 34 59 12 13 26 10 33 18 2 51 14 6 30 52 47 56 11 9 39 54 55 57 45 63 3 31 25 60 61 15 16 8 40 23 24 0 0 0 0 0 0 0 0 0 0 0 0 0 0 0 
0 21 20 11 14 43 46 27 35 44 53 7 12 13 50 42 41 49 57 38 4 51 15 23 32 55 34 5 2 10 9 19 59 18 26 33 52 60 16 45 47 39 56 48 61 54 40 62 63 17 0 0 0 0 0 0 0 0 0 0 0 0 0 0 0 
-12 44 45 22 43 53 20 11 15 35 42 34 2 12 21 10 18 9 61 26 25 14 19 16 6 50 58 13 8 41 49 59 27 33 7 38 31 39 47 40 51 60 30 55 56 54 32 46 63 62 0 0 0 0 0 0 0 0 0 0 0 0 0 0 0 
-10 44 27 20 11 26 43 12 4 19 33 13 21 10 2 42 14 15 51 59 52 60 18 9 17 34 25 50 16 22 58 6 7 24 45 54 61 30 31 38 32 40 63 53 46 55 56 62 47 39 0 0 0 0 0 0 0 0 0 0 0 0 0 0 0 
26 44 27 19 45 26 43 46 18 21 38 10 20 54 25 34 63 30 31 62 61 13 2 32 42 47 22 12 35 52 51 49 50 41 53 55 58 59 39 48 23 11 14 7 15 6 5 56 60 33 0 0 0 0 0 0 0 0 0 0 0 0 0 0 0 
6 30 20 27 34 12 4 19 22 26 45 13 31 32 38 11 2 10 18 46 44 52 39 9 25 40 47 55 56 54 53 62 51 48 14 50 49 42 35 63 41 61 17 58 59 60 3 33 21 15 0 0 0 0 0 0 0 0 0 0 0 0 0 0 0 
18 44 43 21 38 45 54 53 20 63 52 35 27 12 55 47 13 51 56 39 50 5 31 23 14 49 61 15 7 42 59 34 41 58 11 10 2 22 16 6 40 24 9 19 26 18 33 3 60 25 0 0 0 0 0 0 0 0 0 0 0 0 0 0 0 
30 35 45 30 19 20 34 46 55 27 18 17 31 44 9 32 21 12 13 54 11 56 62 63 64 5 22 10 14 33 42 51 40 47 39 38 61 2 3 26 49 50 52 58 43 48 23 16 59 53 0 0 0 0 0 0 0 0 0 0 0 0 0 0 0 
12 30 20 11 22 21 46 27 38 43 26 39 45 25 12 13 40 47 48 31 2 55 56 10 63 52 53 44 50 54 18 62 14 4 34 9 35 51 60 61 15 42 33 16 7 41 49 57 58 64 0 0 0 0 0 0 0 0 0 0 0 0 0 0 0 
-8 21 22 23 13 20 45 30 27 43 24 5 44 26 34 53 31 32 38 12 4 19 18 25 35 51 42 41 58 60 49 52 59 50 54 11 9 33 39 55 56 10 2 48 47 46 14 61 63 15 0 0 0 0 0 0 0 0 0 0 0 0 0 0 0 
16 35 45 54 34 44 43 46 53 27 20 18 26 12 10 33 42 49 50 52 63 62 61 51 58 60 55 2 11 38 9 56 13 19 30 17 41 3 21 14 15 7 22 39 40 47 6 16 24 31 0 0 0 0 0 0 0 0 0 0 0 0 0 0 0 
6 21 20 43 38 22 35 11 12 47 13 14 7 15 56 19 2 10 50 42 49 6 3 5 27 34 26 41 16 58 51 23 33 44 52 18 59 30 60 24 39 45 46 53 54 48 55 62 17 31 0 0 0 0 0 0 0 0 0 0 0 0 0 0 0 
8 30 20 35 46 21 23 12 13 14 19 32 5 11 2 10 18 38 15 17 42 3 9 4 31 16 39 49 22 47 56 55 54 63 40 53 52 60 7 24 26 25 44 34 50 51 58 33 27 62 0 0 0 0 0 0 0 0 0 0 0 0 0 0 0 
-2 35 45 30 23 31 34 15 21 12 16 39 7 42 47 32 27 26 13 14 49 50 51 58 11 44 52 5 18 10 9 53 54 55 63 60 43 56 59 38 41 20 62 2 46 6 48 19 17 22 0 0 0 0 0 0 0 0 0 0 0 0 0 0 0 
24 30 22 14 15 44 43 21 38 50 27 16 45 20 19 12 35 42 4 11 2 46 23 13 54 10 18 31 32 39 40 47 56 55 51 34 33 26 58 53 52 63 61 49 59 9 60 48 25 62 0 0 0 0 0 0 0 0 0 0 0 0 0 0 0 
48 44 45 30 21 38 27 12 47 53 31 20 54 56 4 55 61 52 13 11 10 5 14 2 18 9 25 62 63 15 7 23 39 48 43 51 60 35 59 42 49 32 46 34 19 41 33 50 1 40 0 0 0 0 0 0 0 0 0 0 0 0 0 0 0 
-20 44 45 30 21 54 35 13 31 26 38 20 11 12 14 47 56 40 42 2 52 60 63 15 7 22 10 9 51 33 49 34 18 50 6 61 53 59 55 43 32 57 58 62 23 46 39 48 19 27 0 0 0 0 0 0 0 0 0 0 0 0 0 0 0 
4 21 38 46 20 35 44 39 30 19 34 51 58 42 50 49 26 60 13 18 10 14 15 2 33 7 11 12 9 23 16 31 48 52 27 32 54 47 3 62 56 55 53 64 45 22 63 43 59 40 0 0 0 0 0 0 0 0 0 0 0 0 0 0 0 
10 30 38 46 39 44 20 32 52 35 55 27 34 26 21 33 42 50 49 51 41 12 31 23 53 62 58 18 10 9 54 11 2 56 16 14 40 47 61 17 45 63 59 60 43 57 13 6 7 15 0 0 0 0 0 0 0 0 0 0 0 0 0 0 0 
14 30 20 27 18 12 38 46 4 19 22 26 31 32 39 47 10 45 54 55 56 63 48 9 53 11 25 13 23 15 14 52 51 61 7 34 62 16 44 21 2 43 41 50 49 42 33 59 58 35 0 0 0 0 0 0 0 0 0 0 0 0 0 0 0 
14 21 38 47 20 11 30 45 12 22 39 43 2 31 48 4 13 18 44 52 56 10 15 55 9 5 14 7 60 27 26 25 34 23 16 32 63 61 42 3 19 33 62 51 58 17 50 24 35 49 0 0 0 0 0 0 0 0 0 0 0 0 0 0 0 
42 21 22 30 38 45 20 31 54 11 12 35 27 14 32 13 15 44 10 63 47 56 52 39 55 23 42 49 26 2 24 18 9 34 50 58 53 16 5 7 25 60 51 46 48 19 33 43 62 59 0 0 0 0 0 0 0 0 0 0 0 0 0 0 0 
40 35 45 38 31 53 27 19 43 21 20 13 42 34 26 17 12 11 2 10 18 47 56 9 3 49 50 58 61 51 44 62 22 14 15 7 41 33 6 16 59 30 23 24 39 55 40 54 32 46 0 0 0 0 0 0 0 0 0 0 0 0 0 0 0 
14 21 20 19 38 47 10 18 14 44 39 2 35 46 45 22 15 53 55 56 17 54 63 26 33 62 3 48 61 31 23 7 13 11 12 30 40 6 43 9 5 42 49 41 51 57 52 50 58 24 0 0 0 0 0 0 0 0 0 0 0 0 0 0 0 
2 35 43 51 27 21 22 15 45 26 38 47 31 54 56 24 20 39 25 55 63 53 23 14 52 12 50 59 11 10 2 41 9 18 49 4 13 19 16 3 42 6 7 40 32 61 17 34 48 58 0 0 0 0 0 0 0 0 0 0 0 0 0 0 0 
18 30 20 35 46 12 21 55 19 13 44 52 22 27 42 34 26 49 50 41 43 18 10 51 59 2 23 14 6 7 15 16 17 58 24 11 9 31 33 25 45 53 38 61 62 39 32 47 40 5 0 0 0 0 0 0 0 0 0 0 0 0 0 0 0 
14 21 22 44 13 15 23 14 5 12 4 31 16 7 20 11 10 2 18 26 39 47 35 42 32 3 55 63 49 19 17 34 53 50 58 51 30 33 9 60 48 46 62 52 43 54 59 38 45 56 0 0 0 0 0 0 0 0 0 0 0 0 0 0 0 
18 21 38 47 13 14 20 12 22 27 4 11 7 15 23 35 42 16 44 49 39 31 55 56 10 54 63 9 45 53 2 40 34 26 33 41 51 50 30 52 18 61 58 24 46 19 62 25 8 60 0 0 0 0 0 0 0 0 0 0 0 0 0 0 0 
26 44 43 42 45 46 38 22 53 47 27 35 30 52 56 18 49 39 54 55 51 63 62 50 58 41 34 59 26 33 10 2 9 31 20 48 11 21 14 6 7 12 13 4 23 60 32 15 61 25 0 0 0 0 0 0 0 0 0 0 0 0 0 0 0 
-2 35 27 20 13 12 43 42 38 39 47 34 26 18 49 30 10 9 31 11 2 14 15 16 45 50 58 41 33 51 52 59 4 61 53 24 23 55 56 54 7 40 63 22 21 6 8 19 5 17 0 0 0 0 0 0 0 0 0 0 0 0 0 0 0 
-24 21 22 44 20 14 52 19 18 35 27 13 7 9 30 12 11 4 26 15 23 33 10 16 6 34 42 51 50 58 49 60 2 25 31 40 53 41 39 38 47 56 55 54 63 57 45 61 3 46 0 0 0 0 0 0 0 0 0 0 0 0 0 0 0 
22 35 45 46 43 30 34 33 47 55 63 48 39 62 61 31 23 32 19 14 15 16 7 21 42 50 49 13 12 51 52 58 27 60 22 44 53 64 8 26 18 10 57 11 9 2 54 3 40 38 0 0 0 0 0 0 0 0 0 0 0 0 0 0 0 
46 35 43 21 22 23 34 33 45 38 25 52 41 20 39 42 51 40 14 6 7 5 44 49 26 50 58 59 53 54 60 61 55 56 12 4 31 47 63 46 62 64 11 2 15 24 48 27 18 10 0 0 0 0 0 0 0 0 0 0 0 0 0 0 0 
0 35 45 38 31 39 27 53 61 21 20 11 12 13 47 56 55 52 2 10 34 18 26 9 5 14 23 15 7 16 51 63 32 42 50 25 30 33 43 60 49 54 40 48 64 46 44 62 58 19 0 0 0 0 0 0 0 0 0 0 0 0 0 0 0 
-14 21 20 43 14 12 19 11 46 30 23 39 31 15 32 47 2 10 18 25 13 9 26 27 16 3 34 7 44 52 48 55 62 17 38 33 60 64 56 4 54 63 50 45 22 53 61 42 41 40 0 0 0 0 0 0 0 0 0 0 0 0 0 0 0 
-36 44 43 35 45 30 27 42 19 50 26 20 21 12 49 53 58 41 34 59 62 61 51 10 54 33 52 60 18 17 2 3 23 31 32 38 39 46 11 57 13 14 7 47 56 48 55 15 16 63 0 0 0 0 0 0 0 0 0 0 0 0 0 0 0 
24 44 43 21 22 23 45 50 13 14 27 4 15 16 42 31 58 53 54 55 62 26 56 63 8 52 39 47 51 7 24 41 38 61 18 9 59 49 30 60 34 35 10 2 25 40 32 17 12 6 0 0 0 0 0 0 0 0 0 0 0 0 0 0 0 
-6 30 20 11 31 19 45 38 21 22 47 32 27 26 10 9 2 46 18 12 4 13 15 54 17 56 63 62 48 25 34 14 39 55 23 33 53 52 59 7 16 35 42 49 50 51 40 44 58 60 0 0 0 0 0 0 0 0 0 0 0 0 0 0 0 
-28 30 22 21 38 44 20 12 3 4 5 14 52 19 7 60 35 26 10 39 45 15 16 53 51 42 49 6 58 50 54 34 18 33 13 55 61 24 48 11 32 25 17 31 43 47 23 46 63 40 0 0 0 0 0 0 0 0 0 0 0 0 0 0 0 
-42 35 27 21 45 43 13 54 53 46 47 18 26 5 63 61 9 25 34 33 30 31 60 11 44 62 52 48 40 32 39 38 24 55 56 64 12 51 50 23 10 49 42 2 14 15 16 7 58 20 0 0 0 0 0 0 0 0 0 0 0 0 0 0 0 
-6 35 27 20 13 18 45 54 26 22 63 25 19 53 15 55 47 56 9 38 39 11 12 14 10 2 3 16 17 44 4 31 23 40 51 52 7 46 30 21 42 43 48 59 50 49 62 61 58 60 0 0 0 0 0 0 0 0 0 0 0 0 0 0 0 
50 30 38 47 39 45 21 40 44 27 46 12 20 52 48 56 35 42 60 51 50 58 49 43 23 16 14 34 33 7 4 13 19 26 15 11 18 2 31 53 61 10 59 22 32 62 55 63 54 24 0 0 0 0 0 0 0 0 0 0 0 0 0 0 0 
-8 30 22 21 20 11 45 12 14 6 4 13 2 10 18 27 39 9 26 54 15 16 25 34 42 48 63 53 31 23 32 40 61 43 56 38 35 49 7 33 50 51 58 41 44 52 59 55 62 46 0 0 0 0 0 0 0 0 0 0 0 0 0 0 0 
44 21 22 30 38 46 20 19 27 39 11 12 45 44 13 5 14 7 15 23 16 2 10 6 52 9 3 60 55 26 35 24 25 33 41 42 51 49 57 50 58 47 56 63 64 54 53 18 31 48 0 0 0 0 0 0 0 0 0 0 0 0 0 0 0 
16 35 43 30 27 34 22 14 38 44 6 26 45 31 23 15 16 7 32 39 25 21 20 33 42 49 50 51 58 52 13 41 53 54 63 55 59 60 61 46 56 62 24 48 40 47 57 17 19 10 0 0 0 0 0 0 0 0 0 0 0 0 0 0 0 
20 44 43 21 52 35 27 18 20 19 9 17 12 11 10 2 22 13 14 34 26 53 54 3 42 50 45 62 58 55 63 41 49 15 16 6 7 24 32 46 56 48 51 59 47 61 57 33 38 31 0 0 0 0 0 0 0 0 0 0 0 0 0 0 0 
24 21 38 47 20 35 56 12 34 45 4 33 42 49 44 27 26 18 14 7 17 11 10 2 19 53 50 51 58 25 30 52 9 13 15 3 54 16 43 55 63 39 31 48 59 60 23 46 61 62 0 0 0 0 0 0 0 0 0 0 0 0 0 0 0 
-2 35 45 38 47 39 31 40 27 56 46 52 55 54 63 53 59 19 26 33 42 18 9 61 11 10 20 2 12 3 17 25 34 50 49 21 13 51 58 4 43 60 48 22 14 7 15 23 62 6 0 0 0 0 0 0 0 0 0 0 0 0 0 0 0 
-2 44 45 22 51 54 35 27 46 42 21 60 49 34 26 20 58 33 12 18 25 19 62 30 23 31 13 15 16 5 14 32 10 63 39 9 6 50 43 11 2 52 53 61 55 47 48 7 24 38 0 0 0 0 0 0 0 0 0 0 0 0 0 0 0 
-10 35 45 38 31 22 34 46 15 33 27 20 42 50 49 51 55 30 26 39 12 18 9 10 11 2 47 56 52 60 48 14 6 13 25 16 41 53 54 62 63 61 8 40 23 43 59 58 5 44 0 0 0 0 0 0 0 0 0 0 0 0 0 0 0 
16 21 38 43 20 39 47 12 35 44 40 56 55 54 63 46 11 2 45 53 27 62 13 32 10 34 31 18 9 26 33 14 15 42 49 50 58 25 52 51 59 4 41 23 61 60 30 16 7 57 0 0 0 0 0 0 0 0 0 0 0 0 0 0 0 
14 35 43 30 38 45 22 51 53 15 27 19 26 46 20 25 31 32 14 6 39 60 10 11 55 47 23 63 48 44 7 24 34 52 42 50 49 41 54 59 58 56 18 9 2 17 3 12 62 61 0 0 0 0 0 0 0 0 0 0 0 0 0 0 0 
24 44 27 22 46 26 21 30 19 38 45 52 31 32 53 13 5 4 25 12 15 47 55 63 54 18 56 61 9 33 11 20 41 10 14 40 51 7 23 2 35 42 6 60 58 50 49 62 17 48 0 0 0 0 0 0 0 0 0 0 0 0 0 0 0 
38 35 45 46 43 44 27 50 57 26 25 20 11 12 13 4 53 34 19 10 9 33 21 18 42 61 54 47 63 51 62 14 15 7 41 49 58 23 16 52 31 2 30 39 40 59 38 55 60 5 0 0 0 0 0 0 0 0 0 0 0 0 0 0 0 
-36 44 45 22 27 30 31 53 14 19 11 18 26 21 9 25 35 10 62 12 13 61 34 3 54 15 16 40 32 39 47 33 42 51 49 48 56 55 63 17 2 6 20 4 7 50 58 64 23 60 0 0 0 0 0 0 0 0 0 0 0 0 0 0 0 
-10 35 45 38 43 30 20 27 39 40 21 50 26 12 23 31 47 53 54 52 13 14 34 61 7 15 63 44 32 55 56 18 9 41 51 58 42 10 49 59 19 24 46 62 60 11 16 5 33 48 0 0 0 0 0 0 0 0 0 0 0 0 0 0 0 
-18 35 45 54 27 19 26 38 42 34 10 18 53 30 21 52 61 50 58 41 23 2 17 31 63 55 39 32 33 43 49 12 3 47 40 9 56 11 20 13 5 15 16 14 7 57 59 60 4 44 0 0 0 0 0 0 0 0 0 0 0 0 0 0 0 
-26 35 45 54 53 30 34 27 21 52 61 33 42 50 49 51 26 14 7 25 58 44 23 60 59 16 43 5 55 62 46 57 39 56 41 31 15 13 12 32 17 11 22 18 19 38 48 47 63 8 0 0 0 0 0 0 0 0 0 0 0 0 0 0 0 
-10 30 20 19 22 44 38 23 31 21 13 15 7 5 14 16 35 6 12 11 2 10 39 47 55 32 9 63 56 26 54 45 42 49 18 17 34 33 50 51 53 61 58 3 40 48 52 60 27 41 0 0 0 0 0 0 0 0 0 0 0 0 0 0 0 
22 30 38 44 22 39 43 35 51 15 27 34 41 33 48 40 47 55 45 49 56 54 63 53 31 58 52 61 46 23 7 62 60 16 59 14 21 13 57 18 9 20 11 42 24 64 19 2 6 12 0 0 0 0 0 0 0 0 0 0 0 0 0 0 0 
20 44 45 54 43 27 19 50 57 42 53 52 35 18 17 26 34 9 10 11 2 25 20 12 3 58 61 62 21 14 22 13 38 31 15 16 8 30 23 24 39 40 47 63 64 32 6 55 56 4 0 0 0 0 0 0 0 0 0 0 0 0 0 0 0 
32 21 38 46 22 23 13 39 24 30 44 5 20 19 35 51 58 34 42 50 49 16 31 40 14 15 7 6 47 52 12 11 26 33 18 60 2 10 54 61 62 45 53 63 56 43 59 48 55 27 0 0 0 0 0 0 0 0 0 0 0 0 0 0 0 
22 35 45 46 43 30 27 26 19 34 55 20 23 31 39 32 33 42 50 18 10 49 51 48 47 52 21 2 59 60 41 44 61 13 6 53 14 7 5 62 63 11 9 17 3 12 38 56 22 54 0 0 0 0 0 0 0 0 0 0 0 0 0 0 0 
38 30 20 11 46 45 54 27 22 35 19 63 62 61 2 12 26 10 18 9 17 34 42 38 47 3 13 48 56 14 53 50 58 44 15 16 43 52 60 39 31 40 55 33 6 25 23 32 64 49 0 0 0 0 0 0 0 0 0 0 0 0 0 0 0 
16 21 22 30 38 47 13 14 20 4 56 27 11 18 9 12 2 25 31 26 23 32 5 43 35 44 45 10 34 52 54 33 42 63 46 49 50 51 59 53 62 55 58 48 16 60 41 19 61 15 0 0 0 0 0 0 0 0 0 0 0 0 0 0 0 
50 35 45 46 27 19 26 21 12 3 22 33 20 13 42 49 5 14 34 38 31 18 23 15 7 40 11 2 47 16 17 10 9 39 50 58 32 56 55 63 30 54 53 52 61 48 51 60 64 44 0 0 0 0 0 0 0 0 0 0 0 0 0 0 0 
26 21 38 44 51 39 30 22 19 27 35 58 52 26 50 42 33 53 60 10 31 40 11 12 47 34 62 55 56 54 49 23 16 24 5 18 9 2 41 13 15 61 46 48 3 20 45 63 1 14 0 0 0 0 0 0 0 0 0 0 0 0 0 0 0 
12 21 22 23 13 35 43 20 45 44 15 7 24 53 19 31 52 50 30 51 60 12 49 59 62 41 33 54 55 63 40 47 56 14 6 39 38 16 5 58 57 18 11 10 2 3 17 25 34 48 0 0 0 0 0 0 0 0 0 0 0 0 0 0 0 
20 44 27 18 45 20 43 52 35 51 50 30 12 49 9 4 31 21 13 14 58 59 34 53 7 15 22 42 62 61 23 40 11 25 10 38 26 41 47 54 63 2 32 55 46 24 39 56 48 64 0 0 0 0 0 0 0 0 0 0 0 0 0 0 0 
12 21 38 47 13 30 39 44 35 5 56 26 52 48 42 34 31 20 27 32 12 55 25 18 10 11 54 60 23 46 2 63 14 45 53 61 51 33 50 58 40 9 4 15 7 43 62 41 22 57 0 0 0 0 0 0 0 0 0 0 0 0 0 0 0 
14 35 45 38 43 53 54 30 31 55 34 33 63 47 39 56 61 23 15 40 22 7 32 27 48 21 14 13 5 12 42 49 41 50 44 51 26 19 10 11 16 52 58 60 18 17 9 3 1 2 0 0 0 0 0 0 0 0 0 0 0 0 0 0 0 
22 35 45 46 47 55 43 51 34 22 63 48 21 20 39 32 31 30 23 42 50 49 58 41 44 60 26 18 10 53 27 25 52 59 54 62 13 2 9 11 12 4 14 3 15 16 7 40 19 5 0 0 0 0 0 0 0 0 0 0 0 0 0 0 0 
12 35 45 46 27 21 43 42 34 53 14 26 61 7 20 51 55 30 41 19 50 49 58 33 13 12 10 44 18 11 15 23 16 31 32 9 2 52 59 60 22 39 47 17 38 3 6 64 40 54 0 0 0 0 0 0 0 0 0 0 0 0 0 0 0 
18 30 22 14 45 44 43 35 27 34 26 25 21 52 7 6 17 42 49 50 58 12 51 59 53 61 54 41 18 55 56 11 19 60 62 10 33 8 13 15 39 31 23 48 3 9 20 63 1 47 0 0 0 0 0 0 0 0 0 0 0 0 0 0 0 
-4 30 20 11 31 19 45 32 23 15 27 26 10 9 33 46 18 34 35 42 21 38 49 50 51 53 2 25 12 13 47 48 14 58 56 52 54 63 62 44 43 61 60 59 41 4 22 6 7 40 0 0 0 0 0 0 0 0 0 0 0 0 0 0 0 
8 44 45 22 51 54 21 38 43 27 23 58 26 13 63 25 20 53 52 55 30 16 31 14 61 60 7 15 56 42 41 33 50 62 47 12 11 49 35 6 39 10 2 46 59 48 40 19 9 3 0 0 0 0 0 0 0 0 0 0 0 0 0 0 0 
14 21 38 45 22 27 43 23 52 44 13 14 20 35 34 26 7 4 12 60 11 18 10 31 54 25 42 15 16 49 47 2 41 56 9 61 63 50 58 6 40 53 51 33 30 55 59 39 48 24 0 0 0 0 0 0 0 0 0 0 0 0 0 0 0 
8 21 22 44 20 13 6 19 18 12 11 5 14 7 15 23 16 24 35 10 9 17 26 33 53 2 27 52 60 34 42 50 45 61 58 51 54 47 63 25 49 62 32 31 40 55 56 46 3 43 0 0 0 0 0 0 0 0 0 0 0 0 0 0 0 
2 35 27 18 44 51 42 19 9 17 20 21 12 34 45 49 41 5 50 11 14 7 4 13 22 33 15 23 16 59 2 10 26 8 58 25 30 32 24 60 43 53 3 31 52 61 54 55 38 39 0 0 0 0 0 0 0 0 0 0 0 0 0 0 0 
-40 21 38 43 35 44 51 47 13 42 19 60 49 34 56 14 7 33 58 20 12 39 31 4 11 2 10 18 9 3 41 15 16 57 26 59 30 23 52 55 63 53 61 25 27 45 62 24 50 8 0 0 0 0 0 0 0 0 0 0 0 0 0 0 0 
-18 35 27 20 43 38 12 11 13 14 4 34 15 16 25 33 41 21 44 53 7 42 49 50 23 30 31 32 51 58 52 60 54 59 39 55 56 47 2 10 9 46 40 64 45 26 63 62 19 18 0 0 0 0 0 0 0 0 0 0 0 0 0 0 0 
-40 30 38 46 20 27 18 11 22 25 9 35 2 4 31 32 44 26 23 43 39 40 47 53 45 10 34 54 62 61 63 21 14 33 42 55 12 51 58 15 7 60 49 56 13 52 59 16 48 64 0 0 0 0 0 0 0 0 0 0 0 0 0 0 0 
44 21 20 43 44 45 46 35 53 61 52 12 22 15 4 11 10 2 18 26 9 51 42 49 41 33 58 60 38 30 23 14 6 13 16 7 27 31 40 34 50 59 54 47 63 55 39 56 62 25 0 0 0 0 0 0 0 0 0 0 0 0 0 0 0 
4 30 38 45 22 27 44 21 26 52 20 12 19 13 60 25 35 47 56 39 31 32 23 18 11 10 2 54 34 9 14 15 5 33 42 55 53 63 17 50 58 51 61 62 46 59 48 40 3 57 0 0 0 0 0 0 0 0 0 0 0 0 0 0 0 
46 21 20 19 22 23 13 43 27 35 38 4 34 25 11 18 9 47 15 7 24 17 50 51 52 59 56 53 54 61 2 40 55 45 39 49 41 63 8 31 44 3 58 33 42 60 26 12 30 46 0 0 0 0 0 0 0 0 0 0 0 0 0 0 0 
